(kicad_pcb (version 20171130) (host pcbnew 5.1.10-1.fc34)

  (general
    (thickness 1.6)
    (drawings 65)
    (tracks 692)
    (zones 0)
    (modules 96)
    (nets 81)
  )

  (page A4)
  (title_block
    (title Achordion)
    (date 2021-04-25)
    (rev 2)
    (company "Petr Horáček")
    (comment 1 hrck@protonmail.com)
    (comment 2 https://github.com/zlosynth/achordion)
    (comment 3 cc-by-sa)
  )

  (layers
    (0 F.Cu signal)
    (31 B.Cu mixed hide)
    (32 B.Adhes user)
    (33 F.Adhes user)
    (34 B.Paste user)
    (35 F.Paste user)
    (36 B.SilkS user)
    (37 F.SilkS user)
    (38 B.Mask user)
    (39 F.Mask user)
    (40 Dwgs.User user)
    (41 Cmts.User user)
    (42 Eco1.User user)
    (43 Eco2.User user)
    (44 Edge.Cuts user)
    (45 Margin user)
    (46 B.CrtYd user)
    (47 F.CrtYd user)
    (48 B.Fab user hide)
    (49 F.Fab user hide)
  )

  (setup
    (last_trace_width 0.3)
    (user_trace_width 0.3)
    (user_trace_width 0.5)
    (user_trace_width 0.7)
    (user_trace_width 1)
    (trace_clearance 0.1999)
    (zone_clearance 0.508)
    (zone_45_only no)
    (trace_min 0.2)
    (via_size 0.8)
    (via_drill 0.4)
    (via_min_size 0.4)
    (via_min_drill 0.3)
    (uvia_size 0.3)
    (uvia_drill 0.1)
    (uvias_allowed no)
    (uvia_min_size 0.2)
    (uvia_min_drill 0.1)
    (edge_width 0.05)
    (segment_width 0.2)
    (pcb_text_width 0.3)
    (pcb_text_size 1.5 1.5)
    (mod_edge_width 0.12)
    (mod_text_size 1 1)
    (mod_text_width 0.15)
    (pad_size 1.524 1.524)
    (pad_drill 0.762)
    (pad_to_mask_clearance 0)
    (aux_axis_origin 0 0)
    (visible_elements FFFFFFFF)
    (pcbplotparams
      (layerselection 0x010fc_ffffffff)
      (usegerberextensions false)
      (usegerberattributes true)
      (usegerberadvancedattributes true)
      (creategerberjobfile false)
      (excludeedgelayer true)
      (linewidth 0.100000)
      (plotframeref false)
      (viasonmask false)
      (mode 1)
      (useauxorigin false)
      (hpglpennumber 1)
      (hpglpenspeed 20)
      (hpglpendiameter 15.000000)
      (psnegative false)
      (psa4output false)
      (plotreference true)
      (plotvalue true)
      (plotinvisibletext false)
      (padsonsilk false)
      (subtractmaskfromsilk false)
      (outputformat 1)
      (mirror false)
      (drillshape 0)
      (scaleselection 1)
      (outputdirectory "gerber/"))
  )

  (net 0 "")
  (net 1 GND)
  (net 2 +3V3)
  (net 3 +3.3VA)
  (net 4 VCC)
  (net 5 VEE)
  (net 6 -10V)
  (net 7 "Net-(C35-Pad2)")
  (net 8 "Net-(C36-Pad2)")
  (net 9 "Net-(C36-Pad1)")
  (net 10 "Net-(C37-Pad2)")
  (net 11 "Net-(C38-Pad2)")
  (net 12 "Net-(C38-Pad1)")
  (net 13 BUTTON)
  (net 14 "Net-(C40-Pad2)")
  (net 15 "Net-(C41-Pad2)")
  (net 16 "Net-(C42-Pad2)")
  (net 17 "Net-(C43-Pad2)")
  (net 18 "Net-(C44-Pad2)")
  (net 19 "Net-(C45-Pad2)")
  (net 20 "Net-(D1-Pad2)")
  (net 21 "Net-(D2-Pad1)")
  (net 22 "Net-(J4-PadT)")
  (net 23 "Net-(J5-PadT)")
  (net 24 "Net-(J6-PadT)")
  (net 25 "Net-(J7-PadT)")
  (net 26 "Net-(J8-PadT)")
  (net 27 "Net-(J9-PadT)")
  (net 28 "Net-(J10-PadT)")
  (net 29 "Net-(J11-PadT)")
  (net 30 "Net-(R15-Pad2)")
  (net 31 "Net-(A1-Pad1)")
  (net 32 "Net-(A1-Pad2)")
  (net 33 "Net-(A1-Pad3)")
  (net 34 "Net-(A1-Pad12)")
  (net 35 "Net-(A1-Pad13)")
  (net 36 "Net-(A1-Pad14)")
  (net 37 "Net-(A1-Pad16)")
  (net 38 "Net-(A1-Pad17)")
  (net 39 "Net-(A1-Pad34)")
  (net 40 "Net-(A1-Pad35)")
  (net 41 "Net-(D3-Pad2)")
  (net 42 "Net-(D4-Pad2)")
  (net 43 "Net-(D5-Pad2)")
  (net 44 "Net-(D6-Pad2)")
  (net 45 "Net-(D7-Pad2)")
  (net 46 "Net-(D8-Pad2)")
  (net 47 "Net-(D9-Pad2)")
  (net 48 "Net-(D10-Pad2)")
  (net 49 "Net-(A1-Pad8)")
  (net 50 "Net-(A1-Pad9)")
  (net 51 "Net-(J4-PadTN)")
  (net 52 "Net-(J5-PadTN)")
  (net 53 "Net-(J6-PadTN)")
  (net 54 "Net-(J7-PadTN)")
  (net 55 "Net-(J8-PadTN)")
  (net 56 "Net-(J9-PadTN)")
  (net 57 "Net-(J10-PadTN)")
  (net 58 "Net-(J11-PadTN)")
  (net 59 "Net-(A1-Pad15)")
  (net 60 PROBE)
  (net 61 CV1)
  (net 62 CV2)
  (net 63 CV3)
  (net 64 CV4)
  (net 65 CV5)
  (net 66 CV6)
  (net 67 DAC1)
  (net 68 DAC2)
  (net 69 POT1)
  (net 70 POT2)
  (net 71 POT4)
  (net 72 POT3)
  (net 73 LED1)
  (net 74 LED5)
  (net 75 LED6)
  (net 76 LED7)
  (net 77 LED8)
  (net 78 LED4)
  (net 79 LED3)
  (net 80 LED2)

  (net_class Default "This is the default net class."
    (clearance 0.1999)
    (trace_width 0.25)
    (via_dia 0.8)
    (via_drill 0.4)
    (uvia_dia 0.3)
    (uvia_drill 0.1)
    (add_net +3.3VA)
    (add_net +3V3)
    (add_net -10V)
    (add_net BUTTON)
    (add_net CV1)
    (add_net CV2)
    (add_net CV3)
    (add_net CV4)
    (add_net CV5)
    (add_net CV6)
    (add_net DAC1)
    (add_net DAC2)
    (add_net GND)
    (add_net LED1)
    (add_net LED2)
    (add_net LED3)
    (add_net LED4)
    (add_net LED5)
    (add_net LED6)
    (add_net LED7)
    (add_net LED8)
    (add_net "Net-(A1-Pad1)")
    (add_net "Net-(A1-Pad12)")
    (add_net "Net-(A1-Pad13)")
    (add_net "Net-(A1-Pad14)")
    (add_net "Net-(A1-Pad15)")
    (add_net "Net-(A1-Pad16)")
    (add_net "Net-(A1-Pad17)")
    (add_net "Net-(A1-Pad2)")
    (add_net "Net-(A1-Pad3)")
    (add_net "Net-(A1-Pad34)")
    (add_net "Net-(A1-Pad35)")
    (add_net "Net-(A1-Pad8)")
    (add_net "Net-(A1-Pad9)")
    (add_net "Net-(C35-Pad2)")
    (add_net "Net-(C36-Pad1)")
    (add_net "Net-(C36-Pad2)")
    (add_net "Net-(C37-Pad2)")
    (add_net "Net-(C38-Pad1)")
    (add_net "Net-(C38-Pad2)")
    (add_net "Net-(C40-Pad2)")
    (add_net "Net-(C41-Pad2)")
    (add_net "Net-(C42-Pad2)")
    (add_net "Net-(C43-Pad2)")
    (add_net "Net-(C44-Pad2)")
    (add_net "Net-(C45-Pad2)")
    (add_net "Net-(D1-Pad2)")
    (add_net "Net-(D10-Pad2)")
    (add_net "Net-(D2-Pad1)")
    (add_net "Net-(D3-Pad2)")
    (add_net "Net-(D4-Pad2)")
    (add_net "Net-(D5-Pad2)")
    (add_net "Net-(D6-Pad2)")
    (add_net "Net-(D7-Pad2)")
    (add_net "Net-(D8-Pad2)")
    (add_net "Net-(D9-Pad2)")
    (add_net "Net-(J10-PadT)")
    (add_net "Net-(J10-PadTN)")
    (add_net "Net-(J11-PadT)")
    (add_net "Net-(J11-PadTN)")
    (add_net "Net-(J4-PadT)")
    (add_net "Net-(J4-PadTN)")
    (add_net "Net-(J5-PadT)")
    (add_net "Net-(J5-PadTN)")
    (add_net "Net-(J6-PadT)")
    (add_net "Net-(J6-PadTN)")
    (add_net "Net-(J7-PadT)")
    (add_net "Net-(J7-PadTN)")
    (add_net "Net-(J8-PadT)")
    (add_net "Net-(J8-PadTN)")
    (add_net "Net-(J9-PadT)")
    (add_net "Net-(J9-PadTN)")
    (add_net "Net-(R15-Pad2)")
    (add_net POT1)
    (add_net POT2)
    (add_net POT3)
    (add_net POT4)
    (add_net PROBE)
    (add_net VCC)
    (add_net VEE)
  )

  (module Resistor_SMD:R_0603_1608Metric (layer F.Cu) (tedit 5F68FEEE) (tstamp 60983062)
    (at 148.79 140.92 270)
    (descr "Resistor SMD 0603 (1608 Metric), square (rectangular) end terminal, IPC_7351 nominal, (Body size source: IPC-SM-782 page 72, https://www.pcb-3d.com/wordpress/wp-content/uploads/ipc-sm-782a_amendment_1_and_2.pdf), generated with kicad-footprint-generator")
    (tags resistor)
    (path /61C62E2D)
    (attr smd)
    (fp_text reference R47 (at -0.15 1.4 270) (layer F.SilkS)
      (effects (font (size 0.8 0.8) (thickness 0.15)))
    )
    (fp_text value 10k (at 0 1.43 90) (layer F.Fab)
      (effects (font (size 1 1) (thickness 0.15)))
    )
    (fp_line (start 1.48 0.73) (end -1.48 0.73) (layer F.CrtYd) (width 0.05))
    (fp_line (start 1.48 -0.73) (end 1.48 0.73) (layer F.CrtYd) (width 0.05))
    (fp_line (start -1.48 -0.73) (end 1.48 -0.73) (layer F.CrtYd) (width 0.05))
    (fp_line (start -1.48 0.73) (end -1.48 -0.73) (layer F.CrtYd) (width 0.05))
    (fp_line (start -0.237258 0.5225) (end 0.237258 0.5225) (layer F.SilkS) (width 0.12))
    (fp_line (start -0.237258 -0.5225) (end 0.237258 -0.5225) (layer F.SilkS) (width 0.12))
    (fp_line (start 0.8 0.4125) (end -0.8 0.4125) (layer F.Fab) (width 0.1))
    (fp_line (start 0.8 -0.4125) (end 0.8 0.4125) (layer F.Fab) (width 0.1))
    (fp_line (start -0.8 -0.4125) (end 0.8 -0.4125) (layer F.Fab) (width 0.1))
    (fp_line (start -0.8 0.4125) (end -0.8 -0.4125) (layer F.Fab) (width 0.1))
    (fp_text user %R (at 0 0 90) (layer F.Fab)
      (effects (font (size 0.4 0.4) (thickness 0.06)))
    )
    (pad 2 smd roundrect (at 0.825 0 270) (size 0.8 0.95) (layers F.Cu F.Paste F.Mask) (roundrect_rratio 0.25)
      (net 56 "Net-(J9-PadTN)"))
    (pad 1 smd roundrect (at -0.825 0 270) (size 0.8 0.95) (layers F.Cu F.Paste F.Mask) (roundrect_rratio 0.25)
      (net 60 PROBE))
    (model ${KISYS3DMOD}/Resistor_SMD.3dshapes/R_0603_1608Metric.wrl
      (at (xyz 0 0 0))
      (scale (xyz 1 1 1))
      (rotate (xyz 0 0 0))
    )
  )

  (module Connector_Audio:Jack_3.5mm_QingPu_WQP-PJ398SM_Vertical_CircularHoles (layer B.Cu) (tedit 5C2B6BB2) (tstamp 6097DDDE)
    (at 139.25 123.05 180)
    (descr "TRS 3.5mm, vertical, Thonkiconn, PCB mount, (http://www.qingpu-electronics.com/en/products/WQP-PJ398SM-362.html)")
    (tags "WQP-PJ398SM WQP-PJ301M-12 TRS 3.5mm mono vertical jack thonkiconn qingpu")
    (path /61345E67)
    (fp_text reference J10 (at -4.03 -1.08 180) (layer F.Fab)
      (effects (font (size 1 1) (thickness 0.15)))
    )
    (fp_text value Jack (at 0 -5 180) (layer B.Fab)
      (effects (font (size 1 1) (thickness 0.15)) (justify mirror))
    )
    (fp_line (start 0 0) (end 0 -2.03) (layer B.Fab) (width 0.1))
    (fp_circle (center 0 -6.48) (end 1.8 -6.48) (layer B.Fab) (width 0.1))
    (fp_line (start 4.5 -2.03) (end -4.5 -2.03) (layer B.Fab) (width 0.1))
    (fp_line (start 5 1.42) (end -5 1.42) (layer B.CrtYd) (width 0.05))
    (fp_line (start 5 -12.98) (end -5 -12.98) (layer B.CrtYd) (width 0.05))
    (fp_line (start 5 -12.98) (end 5 1.42) (layer B.CrtYd) (width 0.05))
    (fp_line (start 4.5 -12.48) (end -4.5 -12.48) (layer B.Fab) (width 0.1))
    (fp_line (start 4.5 -12.48) (end 4.5 -2.08) (layer B.Fab) (width 0.1))
    (fp_line (start -1.06 1) (end -0.2 1) (layer B.SilkS) (width 0.12))
    (fp_line (start -1.06 1) (end -1.06 0.2) (layer B.SilkS) (width 0.12))
    (fp_circle (center 0 -6.48) (end 1.8 -6.48) (layer B.SilkS) (width 0.12))
    (fp_line (start -0.35 -1.98) (end -4.5 -1.98) (layer B.SilkS) (width 0.12))
    (fp_line (start 4.5 -1.98) (end 0.35 -1.98) (layer B.SilkS) (width 0.12))
    (fp_line (start -0.5 -12.48) (end -4.5 -12.48) (layer B.SilkS) (width 0.12))
    (fp_line (start 4.5 -12.48) (end 0.5 -12.48) (layer B.SilkS) (width 0.12))
    (fp_line (start -1.41 -6.02) (end -0.46 -5.07) (layer Dwgs.User) (width 0.12))
    (fp_line (start -1.42 -6.875) (end 0.4 -5.06) (layer Dwgs.User) (width 0.12))
    (fp_line (start -1.07 -7.49) (end 1.01 -5.41) (layer Dwgs.User) (width 0.12))
    (fp_line (start -0.58 -7.83) (end 1.36 -5.89) (layer Dwgs.User) (width 0.12))
    (fp_line (start 0.09 -7.96) (end 1.48 -6.57) (layer Dwgs.User) (width 0.12))
    (fp_circle (center 0 -6.48) (end 1.5 -6.48) (layer Dwgs.User) (width 0.12))
    (fp_line (start 4.5 -1.98) (end 4.5 -12.48) (layer B.SilkS) (width 0.12))
    (fp_line (start -4.5 -1.98) (end -4.5 -12.48) (layer B.SilkS) (width 0.12))
    (fp_line (start -4.5 -12.48) (end -4.5 -2.08) (layer B.Fab) (width 0.1))
    (fp_line (start -5 -12.98) (end -5 1.42) (layer B.CrtYd) (width 0.05))
    (fp_text user %R (at 0 -8 180) (layer B.Fab)
      (effects (font (size 1 1) (thickness 0.15)) (justify mirror))
    )
    (fp_text user KEEPOUT (at 0 -6.48) (layer Cmts.User)
      (effects (font (size 0.4 0.4) (thickness 0.051)))
    )
    (pad T thru_hole circle (at 0 -11.4) (size 2.13 2.13) (drill 1.43) (layers *.Cu *.Mask)
      (net 28 "Net-(J10-PadT)"))
    (pad S thru_hole rect (at 0 0) (size 1.93 1.83) (drill 1.22) (layers *.Cu *.Mask)
      (net 1 GND))
    (pad TN thru_hole circle (at 0 -3.1) (size 2.13 2.13) (drill 1.42) (layers *.Cu *.Mask)
      (net 57 "Net-(J10-PadTN)"))
    (model ${KISYS3DMOD}/Connector_Audio.3dshapes/Jack_3.5mm_QingPu_WQP-PJ398SM_Vertical.wrl
      (at (xyz 0 0 0))
      (scale (xyz 1 1 1))
      (rotate (xyz 0 0 0))
    )
  )

  (module Connector_Audio:Jack_3.5mm_QingPu_WQP-PJ398SM_Vertical_CircularHoles (layer B.Cu) (tedit 5C2B6BB2) (tstamp 6097DD78)
    (at 150.93 123.04 180)
    (descr "TRS 3.5mm, vertical, Thonkiconn, PCB mount, (http://www.qingpu-electronics.com/en/products/WQP-PJ398SM-362.html)")
    (tags "WQP-PJ398SM WQP-PJ301M-12 TRS 3.5mm mono vertical jack thonkiconn qingpu")
    (path /613BBCE7)
    (fp_text reference J7 (at -4.03 -1.08 180) (layer F.Fab)
      (effects (font (size 1 1) (thickness 0.15)))
    )
    (fp_text value Jack (at 0 -5 180) (layer B.Fab)
      (effects (font (size 1 1) (thickness 0.15)) (justify mirror))
    )
    (fp_line (start 0 0) (end 0 -2.03) (layer B.Fab) (width 0.1))
    (fp_circle (center 0 -6.48) (end 1.8 -6.48) (layer B.Fab) (width 0.1))
    (fp_line (start 4.5 -2.03) (end -4.5 -2.03) (layer B.Fab) (width 0.1))
    (fp_line (start 5 1.42) (end -5 1.42) (layer B.CrtYd) (width 0.05))
    (fp_line (start 5 -12.98) (end -5 -12.98) (layer B.CrtYd) (width 0.05))
    (fp_line (start 5 -12.98) (end 5 1.42) (layer B.CrtYd) (width 0.05))
    (fp_line (start 4.5 -12.48) (end -4.5 -12.48) (layer B.Fab) (width 0.1))
    (fp_line (start 4.5 -12.48) (end 4.5 -2.08) (layer B.Fab) (width 0.1))
    (fp_line (start -1.06 1) (end -0.2 1) (layer B.SilkS) (width 0.12))
    (fp_line (start -1.06 1) (end -1.06 0.2) (layer B.SilkS) (width 0.12))
    (fp_circle (center 0 -6.48) (end 1.8 -6.48) (layer B.SilkS) (width 0.12))
    (fp_line (start -0.35 -1.98) (end -4.5 -1.98) (layer B.SilkS) (width 0.12))
    (fp_line (start 4.5 -1.98) (end 0.35 -1.98) (layer B.SilkS) (width 0.12))
    (fp_line (start -0.5 -12.48) (end -4.5 -12.48) (layer B.SilkS) (width 0.12))
    (fp_line (start 4.5 -12.48) (end 0.5 -12.48) (layer B.SilkS) (width 0.12))
    (fp_line (start -1.41 -6.02) (end -0.46 -5.07) (layer Dwgs.User) (width 0.12))
    (fp_line (start -1.42 -6.875) (end 0.4 -5.06) (layer Dwgs.User) (width 0.12))
    (fp_line (start -1.07 -7.49) (end 1.01 -5.41) (layer Dwgs.User) (width 0.12))
    (fp_line (start -0.58 -7.83) (end 1.36 -5.89) (layer Dwgs.User) (width 0.12))
    (fp_line (start 0.09 -7.96) (end 1.48 -6.57) (layer Dwgs.User) (width 0.12))
    (fp_circle (center 0 -6.48) (end 1.5 -6.48) (layer Dwgs.User) (width 0.12))
    (fp_line (start 4.5 -1.98) (end 4.5 -12.48) (layer B.SilkS) (width 0.12))
    (fp_line (start -4.5 -1.98) (end -4.5 -12.48) (layer B.SilkS) (width 0.12))
    (fp_line (start -4.5 -12.48) (end -4.5 -2.08) (layer B.Fab) (width 0.1))
    (fp_line (start -5 -12.98) (end -5 1.42) (layer B.CrtYd) (width 0.05))
    (fp_text user %R (at 0 -8 180) (layer B.Fab)
      (effects (font (size 1 1) (thickness 0.15)) (justify mirror))
    )
    (fp_text user KEEPOUT (at 0 -6.48) (layer Cmts.User)
      (effects (font (size 0.4 0.4) (thickness 0.051)))
    )
    (pad T thru_hole circle (at 0 -11.4) (size 2.13 2.13) (drill 1.43) (layers *.Cu *.Mask)
      (net 25 "Net-(J7-PadT)"))
    (pad S thru_hole rect (at 0 0) (size 1.93 1.83) (drill 1.22) (layers *.Cu *.Mask)
      (net 1 GND))
    (pad TN thru_hole circle (at 0 -3.1) (size 2.13 2.13) (drill 1.42) (layers *.Cu *.Mask)
      (net 54 "Net-(J7-PadTN)"))
    (model ${KISYS3DMOD}/Connector_Audio.3dshapes/Jack_3.5mm_QingPu_WQP-PJ398SM_Vertical.wrl
      (at (xyz 0 0 0))
      (scale (xyz 1 1 1))
      (rotate (xyz 0 0 0))
    )
  )

  (module Connector_Audio:Jack_3.5mm_QingPu_WQP-PJ398SM_Vertical_CircularHoles (layer B.Cu) (tedit 5C2B6BB2) (tstamp 6097DD12)
    (at 139.25 137.98 180)
    (descr "TRS 3.5mm, vertical, Thonkiconn, PCB mount, (http://www.qingpu-electronics.com/en/products/WQP-PJ398SM-362.html)")
    (tags "WQP-PJ398SM WQP-PJ301M-12 TRS 3.5mm mono vertical jack thonkiconn qingpu")
    (path /6132E1F7)
    (fp_text reference J4 (at -4.03 -1.08 180) (layer F.Fab)
      (effects (font (size 1 1) (thickness 0.15)))
    )
    (fp_text value Jack (at 0 -5 180) (layer B.Fab)
      (effects (font (size 1 1) (thickness 0.15)) (justify mirror))
    )
    (fp_line (start -5 -12.98) (end -5 1.42) (layer B.CrtYd) (width 0.05))
    (fp_line (start -4.5 -12.48) (end -4.5 -2.08) (layer B.Fab) (width 0.1))
    (fp_line (start -4.5 -1.98) (end -4.5 -12.48) (layer B.SilkS) (width 0.12))
    (fp_line (start 4.5 -1.98) (end 4.5 -12.48) (layer B.SilkS) (width 0.12))
    (fp_circle (center 0 -6.48) (end 1.5 -6.48) (layer Dwgs.User) (width 0.12))
    (fp_line (start 0.09 -7.96) (end 1.48 -6.57) (layer Dwgs.User) (width 0.12))
    (fp_line (start -0.58 -7.83) (end 1.36 -5.89) (layer Dwgs.User) (width 0.12))
    (fp_line (start -1.07 -7.49) (end 1.01 -5.41) (layer Dwgs.User) (width 0.12))
    (fp_line (start -1.42 -6.875) (end 0.4 -5.06) (layer Dwgs.User) (width 0.12))
    (fp_line (start -1.41 -6.02) (end -0.46 -5.07) (layer Dwgs.User) (width 0.12))
    (fp_line (start 4.5 -12.48) (end 0.5 -12.48) (layer B.SilkS) (width 0.12))
    (fp_line (start -0.5 -12.48) (end -4.5 -12.48) (layer B.SilkS) (width 0.12))
    (fp_line (start 4.5 -1.98) (end 0.35 -1.98) (layer B.SilkS) (width 0.12))
    (fp_line (start -0.35 -1.98) (end -4.5 -1.98) (layer B.SilkS) (width 0.12))
    (fp_circle (center 0 -6.48) (end 1.8 -6.48) (layer B.SilkS) (width 0.12))
    (fp_line (start -1.06 1) (end -1.06 0.2) (layer B.SilkS) (width 0.12))
    (fp_line (start -1.06 1) (end -0.2 1) (layer B.SilkS) (width 0.12))
    (fp_line (start 4.5 -12.48) (end 4.5 -2.08) (layer B.Fab) (width 0.1))
    (fp_line (start 4.5 -12.48) (end -4.5 -12.48) (layer B.Fab) (width 0.1))
    (fp_line (start 5 -12.98) (end 5 1.42) (layer B.CrtYd) (width 0.05))
    (fp_line (start 5 -12.98) (end -5 -12.98) (layer B.CrtYd) (width 0.05))
    (fp_line (start 5 1.42) (end -5 1.42) (layer B.CrtYd) (width 0.05))
    (fp_line (start 4.5 -2.03) (end -4.5 -2.03) (layer B.Fab) (width 0.1))
    (fp_circle (center 0 -6.48) (end 1.8 -6.48) (layer B.Fab) (width 0.1))
    (fp_line (start 0 0) (end 0 -2.03) (layer B.Fab) (width 0.1))
    (fp_text user KEEPOUT (at 0 -6.48) (layer Cmts.User)
      (effects (font (size 0.4 0.4) (thickness 0.051)))
    )
    (fp_text user %R (at 0 -8 180) (layer B.Fab)
      (effects (font (size 1 1) (thickness 0.15)) (justify mirror))
    )
    (pad TN thru_hole circle (at 0 -3.1) (size 2.13 2.13) (drill 1.42) (layers *.Cu *.Mask)
      (net 51 "Net-(J4-PadTN)"))
    (pad S thru_hole rect (at 0 0) (size 1.93 1.83) (drill 1.22) (layers *.Cu *.Mask)
      (net 1 GND))
    (pad T thru_hole circle (at 0 -11.4) (size 2.13 2.13) (drill 1.43) (layers *.Cu *.Mask)
      (net 22 "Net-(J4-PadT)"))
    (model ${KISYS3DMOD}/Connector_Audio.3dshapes/Jack_3.5mm_QingPu_WQP-PJ398SM_Vertical.wrl
      (at (xyz 0 0 0))
      (scale (xyz 1 1 1))
      (rotate (xyz 0 0 0))
    )
  )

  (module Connector_Audio:Jack_3.5mm_QingPu_WQP-PJ398SM_Vertical_CircularHoles (layer B.Cu) (tedit 5C2B6BB2) (tstamp 6097DE00)
    (at 127.39 123.05 180)
    (descr "TRS 3.5mm, vertical, Thonkiconn, PCB mount, (http://www.qingpu-electronics.com/en/products/WQP-PJ398SM-362.html)")
    (tags "WQP-PJ398SM WQP-PJ301M-12 TRS 3.5mm mono vertical jack thonkiconn qingpu")
    (path /6132FB9B)
    (fp_text reference J11 (at -3.23 -0.47 180) (layer F.Fab)
      (effects (font (size 1 1) (thickness 0.15)))
    )
    (fp_text value Jack (at 0 -5 180) (layer B.Fab)
      (effects (font (size 1 1) (thickness 0.15)) (justify mirror))
    )
    (fp_line (start 0 0) (end 0 -2.03) (layer B.Fab) (width 0.1))
    (fp_circle (center 0 -6.48) (end 1.8 -6.48) (layer B.Fab) (width 0.1))
    (fp_line (start 4.5 -2.03) (end -4.5 -2.03) (layer B.Fab) (width 0.1))
    (fp_line (start 5 1.42) (end -5 1.42) (layer B.CrtYd) (width 0.05))
    (fp_line (start 5 -12.98) (end -5 -12.98) (layer B.CrtYd) (width 0.05))
    (fp_line (start 5 -12.98) (end 5 1.42) (layer B.CrtYd) (width 0.05))
    (fp_line (start 4.5 -12.48) (end -4.5 -12.48) (layer B.Fab) (width 0.1))
    (fp_line (start 4.5 -12.48) (end 4.5 -2.08) (layer B.Fab) (width 0.1))
    (fp_line (start -1.06 1) (end -0.2 1) (layer B.SilkS) (width 0.12))
    (fp_line (start -1.06 1) (end -1.06 0.2) (layer B.SilkS) (width 0.12))
    (fp_circle (center 0 -6.48) (end 1.8 -6.48) (layer B.SilkS) (width 0.12))
    (fp_line (start -0.35 -1.98) (end -4.5 -1.98) (layer B.SilkS) (width 0.12))
    (fp_line (start 4.5 -1.98) (end 0.35 -1.98) (layer B.SilkS) (width 0.12))
    (fp_line (start -0.5 -12.48) (end -4.5 -12.48) (layer B.SilkS) (width 0.12))
    (fp_line (start 4.5 -12.48) (end 0.5 -12.48) (layer B.SilkS) (width 0.12))
    (fp_line (start -1.41 -6.02) (end -0.46 -5.07) (layer Dwgs.User) (width 0.12))
    (fp_line (start -1.42 -6.875) (end 0.4 -5.06) (layer Dwgs.User) (width 0.12))
    (fp_line (start -1.07 -7.49) (end 1.01 -5.41) (layer Dwgs.User) (width 0.12))
    (fp_line (start -0.58 -7.83) (end 1.36 -5.89) (layer Dwgs.User) (width 0.12))
    (fp_line (start 0.09 -7.96) (end 1.48 -6.57) (layer Dwgs.User) (width 0.12))
    (fp_circle (center 0 -6.48) (end 1.5 -6.48) (layer Dwgs.User) (width 0.12))
    (fp_line (start 4.5 -1.98) (end 4.5 -12.48) (layer B.SilkS) (width 0.12))
    (fp_line (start -4.5 -1.98) (end -4.5 -12.48) (layer B.SilkS) (width 0.12))
    (fp_line (start -4.5 -12.48) (end -4.5 -2.08) (layer B.Fab) (width 0.1))
    (fp_line (start -5 -12.98) (end -5 1.42) (layer B.CrtYd) (width 0.05))
    (fp_text user %R (at 0 -8 180) (layer B.Fab)
      (effects (font (size 1 1) (thickness 0.15)) (justify mirror))
    )
    (fp_text user KEEPOUT (at 0 -6.48) (layer Cmts.User)
      (effects (font (size 0.4 0.4) (thickness 0.051)))
    )
    (pad T thru_hole circle (at 0 -11.4) (size 2.13 2.13) (drill 1.43) (layers *.Cu *.Mask)
      (net 29 "Net-(J11-PadT)"))
    (pad S thru_hole rect (at 0 0) (size 1.93 1.83) (drill 1.22) (layers *.Cu *.Mask)
      (net 1 GND))
    (pad TN thru_hole circle (at 0 -3.1) (size 2.13 2.13) (drill 1.42) (layers *.Cu *.Mask)
      (net 58 "Net-(J11-PadTN)"))
    (model ${KISYS3DMOD}/Connector_Audio.3dshapes/Jack_3.5mm_QingPu_WQP-PJ398SM_Vertical.wrl
      (at (xyz 0 0 0))
      (scale (xyz 1 1 1))
      (rotate (xyz 0 0 0))
    )
  )

  (module Connector_Audio:Jack_3.5mm_QingPu_WQP-PJ398SM_Vertical_CircularHoles (layer B.Cu) (tedit 5C2B6BB2) (tstamp 6097DD34)
    (at 127.41 137.99 180)
    (descr "TRS 3.5mm, vertical, Thonkiconn, PCB mount, (http://www.qingpu-electronics.com/en/products/WQP-PJ398SM-362.html)")
    (tags "WQP-PJ398SM WQP-PJ301M-12 TRS 3.5mm mono vertical jack thonkiconn qingpu")
    (path /61312282)
    (fp_text reference J5 (at -4.03 -1.08 180) (layer F.Fab)
      (effects (font (size 1 1) (thickness 0.15)))
    )
    (fp_text value Jack (at 0 -5 180) (layer B.Fab)
      (effects (font (size 1 1) (thickness 0.15)) (justify mirror))
    )
    (fp_line (start -5 -12.98) (end -5 1.42) (layer B.CrtYd) (width 0.05))
    (fp_line (start -4.5 -12.48) (end -4.5 -2.08) (layer B.Fab) (width 0.1))
    (fp_line (start -4.5 -1.98) (end -4.5 -12.48) (layer B.SilkS) (width 0.12))
    (fp_line (start 4.5 -1.98) (end 4.5 -12.48) (layer B.SilkS) (width 0.12))
    (fp_circle (center 0 -6.48) (end 1.5 -6.48) (layer Dwgs.User) (width 0.12))
    (fp_line (start 0.09 -7.96) (end 1.48 -6.57) (layer Dwgs.User) (width 0.12))
    (fp_line (start -0.58 -7.83) (end 1.36 -5.89) (layer Dwgs.User) (width 0.12))
    (fp_line (start -1.07 -7.49) (end 1.01 -5.41) (layer Dwgs.User) (width 0.12))
    (fp_line (start -1.42 -6.875) (end 0.4 -5.06) (layer Dwgs.User) (width 0.12))
    (fp_line (start -1.41 -6.02) (end -0.46 -5.07) (layer Dwgs.User) (width 0.12))
    (fp_line (start 4.5 -12.48) (end 0.5 -12.48) (layer B.SilkS) (width 0.12))
    (fp_line (start -0.5 -12.48) (end -4.5 -12.48) (layer B.SilkS) (width 0.12))
    (fp_line (start 4.5 -1.98) (end 0.35 -1.98) (layer B.SilkS) (width 0.12))
    (fp_line (start -0.35 -1.98) (end -4.5 -1.98) (layer B.SilkS) (width 0.12))
    (fp_circle (center 0 -6.48) (end 1.8 -6.48) (layer B.SilkS) (width 0.12))
    (fp_line (start -1.06 1) (end -1.06 0.2) (layer B.SilkS) (width 0.12))
    (fp_line (start -1.06 1) (end -0.2 1) (layer B.SilkS) (width 0.12))
    (fp_line (start 4.5 -12.48) (end 4.5 -2.08) (layer B.Fab) (width 0.1))
    (fp_line (start 4.5 -12.48) (end -4.5 -12.48) (layer B.Fab) (width 0.1))
    (fp_line (start 5 -12.98) (end 5 1.42) (layer B.CrtYd) (width 0.05))
    (fp_line (start 5 -12.98) (end -5 -12.98) (layer B.CrtYd) (width 0.05))
    (fp_line (start 5 1.42) (end -5 1.42) (layer B.CrtYd) (width 0.05))
    (fp_line (start 4.5 -2.03) (end -4.5 -2.03) (layer B.Fab) (width 0.1))
    (fp_circle (center 0 -6.48) (end 1.8 -6.48) (layer B.Fab) (width 0.1))
    (fp_line (start 0 0) (end 0 -2.03) (layer B.Fab) (width 0.1))
    (fp_text user KEEPOUT (at 0 -6.48) (layer Cmts.User)
      (effects (font (size 0.4 0.4) (thickness 0.051)))
    )
    (fp_text user %R (at 0 -8 180) (layer B.Fab)
      (effects (font (size 1 1) (thickness 0.15)) (justify mirror))
    )
    (pad TN thru_hole circle (at 0 -3.1) (size 2.13 2.13) (drill 1.42) (layers *.Cu *.Mask)
      (net 52 "Net-(J5-PadTN)"))
    (pad S thru_hole rect (at 0 0) (size 1.93 1.83) (drill 1.22) (layers *.Cu *.Mask)
      (net 1 GND))
    (pad T thru_hole circle (at 0 -11.4) (size 2.13 2.13) (drill 1.43) (layers *.Cu *.Mask)
      (net 23 "Net-(J5-PadT)"))
    (model ${KISYS3DMOD}/Connector_Audio.3dshapes/Jack_3.5mm_QingPu_WQP-PJ398SM_Vertical.wrl
      (at (xyz 0 0 0))
      (scale (xyz 1 1 1))
      (rotate (xyz 0 0 0))
    )
  )

  (module Resistor_SMD:R_0603_1608Metric (layer F.Cu) (tedit 5F68FEEE) (tstamp 609882AF)
    (at 136.69 141.49 270)
    (descr "Resistor SMD 0603 (1608 Metric), square (rectangular) end terminal, IPC_7351 nominal, (Body size source: IPC-SM-782 page 72, https://www.pcb-3d.com/wordpress/wp-content/uploads/ipc-sm-782a_amendment_1_and_2.pdf), generated with kicad-footprint-generator")
    (tags resistor)
    (path /61E4C131)
    (attr smd)
    (fp_text reference R51 (at -2.17 -0.21) (layer F.SilkS)
      (effects (font (size 0.8 0.8) (thickness 0.15)))
    )
    (fp_text value 47k (at 0 1.43 90) (layer F.Fab)
      (effects (font (size 1 1) (thickness 0.15)))
    )
    (fp_line (start 1.48 0.73) (end -1.48 0.73) (layer F.CrtYd) (width 0.05))
    (fp_line (start 1.48 -0.73) (end 1.48 0.73) (layer F.CrtYd) (width 0.05))
    (fp_line (start -1.48 -0.73) (end 1.48 -0.73) (layer F.CrtYd) (width 0.05))
    (fp_line (start -1.48 0.73) (end -1.48 -0.73) (layer F.CrtYd) (width 0.05))
    (fp_line (start -0.237258 0.5225) (end 0.237258 0.5225) (layer F.SilkS) (width 0.12))
    (fp_line (start -0.237258 -0.5225) (end 0.237258 -0.5225) (layer F.SilkS) (width 0.12))
    (fp_line (start 0.8 0.4125) (end -0.8 0.4125) (layer F.Fab) (width 0.1))
    (fp_line (start 0.8 -0.4125) (end 0.8 0.4125) (layer F.Fab) (width 0.1))
    (fp_line (start -0.8 -0.4125) (end 0.8 -0.4125) (layer F.Fab) (width 0.1))
    (fp_line (start -0.8 0.4125) (end -0.8 -0.4125) (layer F.Fab) (width 0.1))
    (fp_text user %R (at 0 0 90) (layer F.Fab)
      (effects (font (size 0.4 0.4) (thickness 0.06)))
    )
    (pad 2 smd roundrect (at 0.825 0 270) (size 0.8 0.95) (layers F.Cu F.Paste F.Mask) (roundrect_rratio 0.25)
      (net 11 "Net-(C38-Pad2)"))
    (pad 1 smd roundrect (at -0.825 0 270) (size 0.8 0.95) (layers F.Cu F.Paste F.Mask) (roundrect_rratio 0.25)
      (net 51 "Net-(J4-PadTN)"))
    (model ${KISYS3DMOD}/Resistor_SMD.3dshapes/R_0603_1608Metric.wrl
      (at (xyz 0 0 0))
      (scale (xyz 1 1 1))
      (rotate (xyz 0 0 0))
    )
  )

  (module Resistor_SMD:R_0603_1608Metric (layer F.Cu) (tedit 5F68FEEE) (tstamp 60A44C00)
    (at 127.39 147.23)
    (descr "Resistor SMD 0603 (1608 Metric), square (rectangular) end terminal, IPC_7351 nominal, (Body size source: IPC-SM-782 page 72, https://www.pcb-3d.com/wordpress/wp-content/uploads/ipc-sm-782a_amendment_1_and_2.pdf), generated with kicad-footprint-generator")
    (tags resistor)
    (path /61E4CA75)
    (attr smd)
    (fp_text reference R50 (at -2.18 0.01 270) (layer F.SilkS)
      (effects (font (size 0.8 0.8) (thickness 0.15)))
    )
    (fp_text value 47k (at 0 1.43) (layer F.Fab)
      (effects (font (size 1 1) (thickness 0.15)))
    )
    (fp_line (start 1.48 0.73) (end -1.48 0.73) (layer F.CrtYd) (width 0.05))
    (fp_line (start 1.48 -0.73) (end 1.48 0.73) (layer F.CrtYd) (width 0.05))
    (fp_line (start -1.48 -0.73) (end 1.48 -0.73) (layer F.CrtYd) (width 0.05))
    (fp_line (start -1.48 0.73) (end -1.48 -0.73) (layer F.CrtYd) (width 0.05))
    (fp_line (start -0.237258 0.5225) (end 0.237258 0.5225) (layer F.SilkS) (width 0.12))
    (fp_line (start -0.237258 -0.5225) (end 0.237258 -0.5225) (layer F.SilkS) (width 0.12))
    (fp_line (start 0.8 0.4125) (end -0.8 0.4125) (layer F.Fab) (width 0.1))
    (fp_line (start 0.8 -0.4125) (end 0.8 0.4125) (layer F.Fab) (width 0.1))
    (fp_line (start -0.8 -0.4125) (end 0.8 -0.4125) (layer F.Fab) (width 0.1))
    (fp_line (start -0.8 0.4125) (end -0.8 -0.4125) (layer F.Fab) (width 0.1))
    (fp_text user %R (at 0 0) (layer F.Fab)
      (effects (font (size 0.4 0.4) (thickness 0.06)))
    )
    (pad 2 smd roundrect (at 0.825 0) (size 0.8 0.95) (layers F.Cu F.Paste F.Mask) (roundrect_rratio 0.25)
      (net 8 "Net-(C36-Pad2)"))
    (pad 1 smd roundrect (at -0.825 0) (size 0.8 0.95) (layers F.Cu F.Paste F.Mask) (roundrect_rratio 0.25)
      (net 52 "Net-(J5-PadTN)"))
    (model ${KISYS3DMOD}/Resistor_SMD.3dshapes/R_0603_1608Metric.wrl
      (at (xyz 0 0 0))
      (scale (xyz 1 1 1))
      (rotate (xyz 0 0 0))
    )
  )

  (module Resistor_SMD:R_0603_1608Metric (layer F.Cu) (tedit 5F68FEEE) (tstamp 60983084)
    (at 125.15 126.22 90)
    (descr "Resistor SMD 0603 (1608 Metric), square (rectangular) end terminal, IPC_7351 nominal, (Body size source: IPC-SM-782 page 72, https://www.pcb-3d.com/wordpress/wp-content/uploads/ipc-sm-782a_amendment_1_and_2.pdf), generated with kicad-footprint-generator")
    (tags resistor)
    (path /61C442FA)
    (attr smd)
    (fp_text reference R49 (at 0.1 -1.37 270) (layer F.SilkS)
      (effects (font (size 0.8 0.8) (thickness 0.15)))
    )
    (fp_text value 10k (at 0 1.43 90) (layer F.Fab)
      (effects (font (size 1 1) (thickness 0.15)))
    )
    (fp_line (start 1.48 0.73) (end -1.48 0.73) (layer F.CrtYd) (width 0.05))
    (fp_line (start 1.48 -0.73) (end 1.48 0.73) (layer F.CrtYd) (width 0.05))
    (fp_line (start -1.48 -0.73) (end 1.48 -0.73) (layer F.CrtYd) (width 0.05))
    (fp_line (start -1.48 0.73) (end -1.48 -0.73) (layer F.CrtYd) (width 0.05))
    (fp_line (start -0.237258 0.5225) (end 0.237258 0.5225) (layer F.SilkS) (width 0.12))
    (fp_line (start -0.237258 -0.5225) (end 0.237258 -0.5225) (layer F.SilkS) (width 0.12))
    (fp_line (start 0.8 0.4125) (end -0.8 0.4125) (layer F.Fab) (width 0.1))
    (fp_line (start 0.8 -0.4125) (end 0.8 0.4125) (layer F.Fab) (width 0.1))
    (fp_line (start -0.8 -0.4125) (end 0.8 -0.4125) (layer F.Fab) (width 0.1))
    (fp_line (start -0.8 0.4125) (end -0.8 -0.4125) (layer F.Fab) (width 0.1))
    (fp_text user %R (at 0 0 90) (layer F.Fab)
      (effects (font (size 0.4 0.4) (thickness 0.06)))
    )
    (pad 2 smd roundrect (at 0.825 0 90) (size 0.8 0.95) (layers F.Cu F.Paste F.Mask) (roundrect_rratio 0.25)
      (net 58 "Net-(J11-PadTN)"))
    (pad 1 smd roundrect (at -0.825 0 90) (size 0.8 0.95) (layers F.Cu F.Paste F.Mask) (roundrect_rratio 0.25)
      (net 60 PROBE))
    (model ${KISYS3DMOD}/Resistor_SMD.3dshapes/R_0603_1608Metric.wrl
      (at (xyz 0 0 0))
      (scale (xyz 1 1 1))
      (rotate (xyz 0 0 0))
    )
  )

  (module Resistor_SMD:R_0603_1608Metric (layer F.Cu) (tedit 5F68FEEE) (tstamp 60983073)
    (at 141.58 126.08 90)
    (descr "Resistor SMD 0603 (1608 Metric), square (rectangular) end terminal, IPC_7351 nominal, (Body size source: IPC-SM-782 page 72, https://www.pcb-3d.com/wordpress/wp-content/uploads/ipc-sm-782a_amendment_1_and_2.pdf), generated with kicad-footprint-generator")
    (tags resistor)
    (path /61BDB50D)
    (attr smd)
    (fp_text reference R48 (at 0.08 1.42 270) (layer F.SilkS)
      (effects (font (size 0.8 0.8) (thickness 0.15)))
    )
    (fp_text value 10k (at 0 1.43 90) (layer F.Fab)
      (effects (font (size 1 1) (thickness 0.15)))
    )
    (fp_line (start 1.48 0.73) (end -1.48 0.73) (layer F.CrtYd) (width 0.05))
    (fp_line (start 1.48 -0.73) (end 1.48 0.73) (layer F.CrtYd) (width 0.05))
    (fp_line (start -1.48 -0.73) (end 1.48 -0.73) (layer F.CrtYd) (width 0.05))
    (fp_line (start -1.48 0.73) (end -1.48 -0.73) (layer F.CrtYd) (width 0.05))
    (fp_line (start -0.237258 0.5225) (end 0.237258 0.5225) (layer F.SilkS) (width 0.12))
    (fp_line (start -0.237258 -0.5225) (end 0.237258 -0.5225) (layer F.SilkS) (width 0.12))
    (fp_line (start 0.8 0.4125) (end -0.8 0.4125) (layer F.Fab) (width 0.1))
    (fp_line (start 0.8 -0.4125) (end 0.8 0.4125) (layer F.Fab) (width 0.1))
    (fp_line (start -0.8 -0.4125) (end 0.8 -0.4125) (layer F.Fab) (width 0.1))
    (fp_line (start -0.8 0.4125) (end -0.8 -0.4125) (layer F.Fab) (width 0.1))
    (fp_text user %R (at 0 0 90) (layer F.Fab)
      (effects (font (size 0.4 0.4) (thickness 0.06)))
    )
    (pad 2 smd roundrect (at 0.825 0 90) (size 0.8 0.95) (layers F.Cu F.Paste F.Mask) (roundrect_rratio 0.25)
      (net 57 "Net-(J10-PadTN)"))
    (pad 1 smd roundrect (at -0.825 0 90) (size 0.8 0.95) (layers F.Cu F.Paste F.Mask) (roundrect_rratio 0.25)
      (net 60 PROBE))
    (model ${KISYS3DMOD}/Resistor_SMD.3dshapes/R_0603_1608Metric.wrl
      (at (xyz 0 0 0))
      (scale (xyz 1 1 1))
      (rotate (xyz 0 0 0))
    )
  )

  (module Resistor_SMD:R_0603_1608Metric (layer F.Cu) (tedit 5F68FEEE) (tstamp 60983051)
    (at 165.13 141.2 270)
    (descr "Resistor SMD 0603 (1608 Metric), square (rectangular) end terminal, IPC_7351 nominal, (Body size source: IPC-SM-782 page 72, https://www.pcb-3d.com/wordpress/wp-content/uploads/ipc-sm-782a_amendment_1_and_2.pdf), generated with kicad-footprint-generator")
    (tags resistor)
    (path /61CC46F2)
    (attr smd)
    (fp_text reference R46 (at -0.11 -1.39 270) (layer F.SilkS)
      (effects (font (size 0.8 0.8) (thickness 0.15)))
    )
    (fp_text value 10k (at 0 1.43 90) (layer F.Fab)
      (effects (font (size 1 1) (thickness 0.15)))
    )
    (fp_line (start 1.48 0.73) (end -1.48 0.73) (layer F.CrtYd) (width 0.05))
    (fp_line (start 1.48 -0.73) (end 1.48 0.73) (layer F.CrtYd) (width 0.05))
    (fp_line (start -1.48 -0.73) (end 1.48 -0.73) (layer F.CrtYd) (width 0.05))
    (fp_line (start -1.48 0.73) (end -1.48 -0.73) (layer F.CrtYd) (width 0.05))
    (fp_line (start -0.237258 0.5225) (end 0.237258 0.5225) (layer F.SilkS) (width 0.12))
    (fp_line (start -0.237258 -0.5225) (end 0.237258 -0.5225) (layer F.SilkS) (width 0.12))
    (fp_line (start 0.8 0.4125) (end -0.8 0.4125) (layer F.Fab) (width 0.1))
    (fp_line (start 0.8 -0.4125) (end 0.8 0.4125) (layer F.Fab) (width 0.1))
    (fp_line (start -0.8 -0.4125) (end 0.8 -0.4125) (layer F.Fab) (width 0.1))
    (fp_line (start -0.8 0.4125) (end -0.8 -0.4125) (layer F.Fab) (width 0.1))
    (fp_text user %R (at 0 0 90) (layer F.Fab)
      (effects (font (size 0.4 0.4) (thickness 0.06)))
    )
    (pad 2 smd roundrect (at 0.825 0 270) (size 0.8 0.95) (layers F.Cu F.Paste F.Mask) (roundrect_rratio 0.25)
      (net 55 "Net-(J8-PadTN)"))
    (pad 1 smd roundrect (at -0.825 0 270) (size 0.8 0.95) (layers F.Cu F.Paste F.Mask) (roundrect_rratio 0.25)
      (net 60 PROBE))
    (model ${KISYS3DMOD}/Resistor_SMD.3dshapes/R_0603_1608Metric.wrl
      (at (xyz 0 0 0))
      (scale (xyz 1 1 1))
      (rotate (xyz 0 0 0))
    )
  )

  (module Resistor_SMD:R_0603_1608Metric (layer F.Cu) (tedit 5F68FEEE) (tstamp 60983040)
    (at 148.53 126.1 90)
    (descr "Resistor SMD 0603 (1608 Metric), square (rectangular) end terminal, IPC_7351 nominal, (Body size source: IPC-SM-782 page 72, https://www.pcb-3d.com/wordpress/wp-content/uploads/ipc-sm-782a_amendment_1_and_2.pdf), generated with kicad-footprint-generator")
    (tags resistor)
    (path /61C81B7B)
    (attr smd)
    (fp_text reference R45 (at 0.18 -1.35 270) (layer F.SilkS)
      (effects (font (size 0.8 0.8) (thickness 0.15)))
    )
    (fp_text value 10k (at 0 1.43 90) (layer F.Fab)
      (effects (font (size 1 1) (thickness 0.15)))
    )
    (fp_line (start 1.48 0.73) (end -1.48 0.73) (layer F.CrtYd) (width 0.05))
    (fp_line (start 1.48 -0.73) (end 1.48 0.73) (layer F.CrtYd) (width 0.05))
    (fp_line (start -1.48 -0.73) (end 1.48 -0.73) (layer F.CrtYd) (width 0.05))
    (fp_line (start -1.48 0.73) (end -1.48 -0.73) (layer F.CrtYd) (width 0.05))
    (fp_line (start -0.237258 0.5225) (end 0.237258 0.5225) (layer F.SilkS) (width 0.12))
    (fp_line (start -0.237258 -0.5225) (end 0.237258 -0.5225) (layer F.SilkS) (width 0.12))
    (fp_line (start 0.8 0.4125) (end -0.8 0.4125) (layer F.Fab) (width 0.1))
    (fp_line (start 0.8 -0.4125) (end 0.8 0.4125) (layer F.Fab) (width 0.1))
    (fp_line (start -0.8 -0.4125) (end 0.8 -0.4125) (layer F.Fab) (width 0.1))
    (fp_line (start -0.8 0.4125) (end -0.8 -0.4125) (layer F.Fab) (width 0.1))
    (fp_text user %R (at 0 0 90) (layer F.Fab)
      (effects (font (size 0.4 0.4) (thickness 0.06)))
    )
    (pad 2 smd roundrect (at 0.825 0 90) (size 0.8 0.95) (layers F.Cu F.Paste F.Mask) (roundrect_rratio 0.25)
      (net 54 "Net-(J7-PadTN)"))
    (pad 1 smd roundrect (at -0.825 0 90) (size 0.8 0.95) (layers F.Cu F.Paste F.Mask) (roundrect_rratio 0.25)
      (net 60 PROBE))
    (model ${KISYS3DMOD}/Resistor_SMD.3dshapes/R_0603_1608Metric.wrl
      (at (xyz 0 0 0))
      (scale (xyz 1 1 1))
      (rotate (xyz 0 0 0))
    )
  )

  (module Resistor_SMD:R_0603_1608Metric (layer F.Cu) (tedit 5F68FEEE) (tstamp 6098302F)
    (at 165.16 126.21 90)
    (descr "Resistor SMD 0603 (1608 Metric), square (rectangular) end terminal, IPC_7351 nominal, (Body size source: IPC-SM-782 page 72, https://www.pcb-3d.com/wordpress/wp-content/uploads/ipc-sm-782a_amendment_1_and_2.pdf), generated with kicad-footprint-generator")
    (tags resistor)
    (path /61CA219B)
    (attr smd)
    (fp_text reference R43 (at 0.03 1.42 90) (layer F.SilkS)
      (effects (font (size 0.8 0.8) (thickness 0.15)))
    )
    (fp_text value 10k (at 0 1.43 90) (layer F.Fab)
      (effects (font (size 1 1) (thickness 0.15)))
    )
    (fp_line (start 1.48 0.73) (end -1.48 0.73) (layer F.CrtYd) (width 0.05))
    (fp_line (start 1.48 -0.73) (end 1.48 0.73) (layer F.CrtYd) (width 0.05))
    (fp_line (start -1.48 -0.73) (end 1.48 -0.73) (layer F.CrtYd) (width 0.05))
    (fp_line (start -1.48 0.73) (end -1.48 -0.73) (layer F.CrtYd) (width 0.05))
    (fp_line (start -0.237258 0.5225) (end 0.237258 0.5225) (layer F.SilkS) (width 0.12))
    (fp_line (start -0.237258 -0.5225) (end 0.237258 -0.5225) (layer F.SilkS) (width 0.12))
    (fp_line (start 0.8 0.4125) (end -0.8 0.4125) (layer F.Fab) (width 0.1))
    (fp_line (start 0.8 -0.4125) (end 0.8 0.4125) (layer F.Fab) (width 0.1))
    (fp_line (start -0.8 -0.4125) (end 0.8 -0.4125) (layer F.Fab) (width 0.1))
    (fp_line (start -0.8 0.4125) (end -0.8 -0.4125) (layer F.Fab) (width 0.1))
    (fp_text user %R (at 0 0 90) (layer F.Fab)
      (effects (font (size 0.4 0.4) (thickness 0.06)))
    )
    (pad 2 smd roundrect (at 0.825 0 90) (size 0.8 0.95) (layers F.Cu F.Paste F.Mask) (roundrect_rratio 0.25)
      (net 53 "Net-(J6-PadTN)"))
    (pad 1 smd roundrect (at -0.825 0 90) (size 0.8 0.95) (layers F.Cu F.Paste F.Mask) (roundrect_rratio 0.25)
      (net 60 PROBE))
    (model ${KISYS3DMOD}/Resistor_SMD.3dshapes/R_0603_1608Metric.wrl
      (at (xyz 0 0 0))
      (scale (xyz 1 1 1))
      (rotate (xyz 0 0 0))
    )
  )

  (module Package_TO_SOT_SMD:SOT-23 (layer F.Cu) (tedit 5A02FF57) (tstamp 60982910)
    (at 129.06 95.57 180)
    (descr "SOT-23, Standard")
    (tags SOT-23)
    (path /616C07A4)
    (attr smd)
    (fp_text reference D11 (at 0 -2.5) (layer B.Fab)
      (effects (font (size 1 1) (thickness 0.15)))
    )
    (fp_text value BAT54S (at -2.512 0.066 90) (layer F.Fab)
      (effects (font (size 0.8 0.8) (thickness 0.15)))
    )
    (fp_line (start 0.76 1.58) (end -0.7 1.58) (layer F.SilkS) (width 0.12))
